timestamps:
  login: 1508855987415
  logout: 1508561729103
ipAddress: 216.162.88.89
logoutlocation:
  world: world
  x: 266.5752568762393
  y: 80.0
  z: 395.77239925737996
  yaw: -16.203339
  pitch: 61.75738
