timestamps:
  login: 1509298530050
  logout: 1509298524606
ipAddress: 173.59.43.106
logoutlocation:
  world: world
  x: 34.29847875156236
  y: 67.0
  z: 785.4933327954227
  yaw: 275.69965
  pitch: 51.449966
lastlocation:
  world: world
  x: 56.97056898874852
  y: 85.87159999847385
  z: 757.4473372722282
  yaw: -264.89505
  pitch: 50.40008
