timestamps:
  login: 1508434540919
  logout: 1508434565160
ipAddress: 216.162.88.89
logoutlocation:
  world: world
  x: 181.2817813585002
  y: 70.0
  z: 253.44725131340763
  yaw: -343.34995
  pitch: 37.650005
ban:
  reason: '§4Banned:

    §rThe Ban Hammer has spoken!'
  timeout: 0
