logoutlocation:
  world: world
  x: 138.30000001192093
  y: 66.30421341792974
  z: -116.69999998807907
  yaw: 133.20105
  pitch: 38.099964
timestamps:
  logout: 1508812737735
  login: 1508812732841
ipAddress: 173.59.117.161
