timestamps:
  login: 1509051332479
  logout: 1509051401508
ipAddress: 76.124.243.218
logoutlocation:
  world: world_nether
  x: -1.5171497832315008
  y: 30.249914299757705
  z: -25.16531220545442
  yaw: -202.64941
  pitch: -1.5001729
