timestamps:
  login: 1509153990853
  logout: 1509154117922
ipAddress: 173.59.45.70
logoutlocation:
  world: world
  x: 31.483374732044155
  y: 45.0
  z: 1038.7579439276585
  yaw: 44.400078
  pitch: 16.499964
ban:
  reason: '§4Banned:

    §rThe Ban Hammer has spoken!'
  timeout: 0
