timestamps:
  login: 1508557596553
  logout: 1508557608752
ipAddress: 77.247.181.162
ban:
  reason: '§4Banned:

    §rThe Ban Hammer has spoken!'
  timeout: 0
logoutlocation:
  world: world
  x: 175.81695198807327
  y: 71.00133597911214
  z: 253.91269983204728
  yaw: -34.199997
  pitch: 10.650019
