timestamps:
  login: 1508559650974
  logout: 1508559661974
ipAddress: 18.85.22.204
ban:
  reason: '§4Banned:

    §rThe Ban Hammer has spoken!'
  timeout: 0
logoutlocation:
  world: world
  x: 195.69496059800034
  y: 72.59999999999997
  z: 313.1778579436239
  yaw: 10.200009
  pitch: -1.7999992
