timestamps:
  login: 1508557616903
  logout: 1508557656253
ipAddress: 77.247.181.162
ban:
  reason: '§4Banned:

    §rThe Ban Hammer has spoken!'
  timeout: 0
logoutlocation:
  world: world
  x: 181.33732499809565
  y: 71.16610926093821
  z: 260.06426557017267
  yaw: 71.25001
  pitch: 14.550002
