timestamps:
  login: 1508651709387
  logout: 1508651846362
ipAddress: 100.14.171.98
logoutlocation:
  world: world
  x: 266.5752568762393
  y: 80.0
  z: 395.77239925737996
  yaw: -16.203339
  pitch: 61.75738
