timestamps:
  login: 1508559684275
  logout: 1508559699474
ipAddress: 195.22.126.178
ban:
  reason: '§4Banned:

    §rThe Ban Hammer has spoken!'
  timeout: 0
logoutlocation:
  world: world
  x: 198.9426314580231
  y: 65.0
  z: 230.4519333186847
  yaw: 192.75005
  pitch: 8.850004
