timestamps:
  login: 1508559098975
  logout: 1508559109474
ipAddress: 204.85.191.30
ban:
  reason: '§4Banned:

    §rThe Ban Hammer has spoken!'
  timeout: 0
logoutlocation:
  world: world
  x: 81.55780790422409
  y: 68.0
  z: 366.58679281882706
  yaw: 136.8
  pitch: 21.899979
