timestamps:
  login: 1508652218104
  logout: 1508652353262
ipAddress: 100.14.171.98
logoutlocation:
  world: world
  x: 92.92727878367106
  y: 63.0
  z: 550.7683301113993
  yaw: -80.248505
  pitch: 6.60002
