timestamps:
  login: 1508635096011
ipAddress: 173.49.196.155
logoutlocation:
  world: world
  x: 160.5
  y: 70.0
  z: 244.91458466708548
  yaw: 1.0499998
  pitch: 3.7500002
