timestamps:
  login: 1508623551066
  logout: 1508623543965
ipAddress: 208.102.64.94
logoutlocation:
  world: world
  x: -312.467222918419
  y: 60.76699612745259
  z: 521.5686892126583
  yaw: -222.73549
  pitch: 31.416637
