timestamps:
  login: 1509042472660
  logout: 1509042531714
  lastteleport: 1509041859970
ipAddress: 216.162.88.89
logoutlocation:
  world: world
  x: 23.33810021907353
  y: 90.0
  z: 805.3000000119209
  yaw: 75.76248
  pitch: 29.84993
lastlocation:
  world: world_nether
  x: -29.5
  y: 62.875
  z: -26.5
  yaw: 14.799194
  pitch: 27.450052
afk: false
money: '5'
