timestamps:
  login: 1508933319270
  logout: 1508933650221
ipAddress: 216.162.88.89
logoutlocation:
  world: world
  x: 140.91512182719435
  y: 69.0
  z: 404.69999998807907
  yaw: -235.79984
  pitch: 25.04999
