timestamps:
  login: 1508781085686
  logout: 1508781159985
ipAddress: 216.162.88.89
logoutlocation:
  world: world
  x: 72.65812142462053
  y: 50.0
  z: 353.2977127784346
  yaw: -8.98741
  pitch: 6.4500046
