timestamps:
  login: 1508417932860
  logout: 1508418040160
ipAddress: 216.162.88.89
logoutlocation:
  world: world
  x: 304.69999998807907
  y: 59.0
  z: -205.63474109269723
  yaw: 41.253304
  pitch: 37.950005
