timestamps:
  login: 1509141547229
  logout: 1509141729630
  lastteleport: 1509141556183
ipAddress: 100.14.155.96
logoutlocation:
  world: world
  x: 31.981707381760316
  y: 45.0
  z: 1037.620653011407
  yaw: 69.76854
  pitch: 25.920315
lastlocation:
  world: world
  x: 180.5
  y: 70.0
  z: 256.5
  yaw: -29.440329
  pitch: 5.4400606
