timestamps:
  login: 1509125528038
  logout: 1509129284362
ipAddress: 216.162.88.89
logoutlocation:
  world: world
  x: 1408.390618833636
  y: 95.0
  z: 1406.8520280705657
  yaw: -318.41376
  pitch: 20.40001
