timestamps:
  login: 1508931507779
  logout: 1508931535220
ipAddress: 216.162.88.89
logoutlocation:
  world: world
  x: 217.72461651169945
  y: 69.0
  z: 250.64940640349025
  yaw: -107.09991
  pitch: 20.699995
