timestamps:
  login: 1508630745666
  logout: 1508630986416
ipAddress: 71.185.28.21
logoutlocation:
  world: world
  x: 180.52768664146546
  y: 70.0
  z: 257.99856526279734
  yaw: 179.53662
  pitch: 27.599907
