timestamps:
  login: 1508447912026
  logout: 1508416187661
ipAddress: 100.14.166.148
logoutlocation:
  world: world
  x: 60.13110736818472
  y: 65.0
  z: 58.03072633559944
  yaw: 13.350662
  pitch: 15.000026
