timestamps:
  login: 1508557716903
  logout: 1508557721252
ipAddress: 77.247.181.162
ban:
  reason: '§4Banned:

    §rThe Ban Hammer has spoken!'
  timeout: 0
logoutlocation:
  world: world
  x: 171.64803226792478
  y: 67.0
  z: 278.6946942640286
  yaw: -38.250004
  pitch: 5.7
