timestamps:
  login: 1508637288740
  logout: 1508637417290
ipAddress: 93.115.95.204
logoutlocation:
  world: world
  x: 129.14126338356857
  y: 69.0
  z: 451.9529458150572
  yaw: -182.24953
  pitch: 7.3500943
