timestamps:
  login: 1508558580302
  logout: 1508558596252
ipAddress: 77.247.181.162
ban:
  reason: '§4Banned:

    §rThe Ban Hammer has spoken!'
  timeout: 0
logoutlocation:
  world: world
  x: 180.32981869962092
  y: 91.0
  z: 265.47682469319733
  yaw: -7.5003357
  pitch: 22.049994
