timestamps:
  login: 1508546880584
  logout: 1508546917837
ipAddress: 100.14.155.96
logoutlocation:
  world: world
  x: 181.39921724335522
  y: 70.0
  z: 258.4436490613032
  yaw: 142.34323
  pitch: 54.63681
