timestamps:
  login: 1508557846402
  logout: 1508557848753
ipAddress: 77.247.181.162
ban:
  reason: '§4Banned:

    §rThe Ban Hammer has spoken!'
  timeout: 0
logoutlocation:
  world: world
  x: 187.5
  y: 87.65658248110962
  z: 272.75952958355515
  yaw: 0.0
  pitch: 0.0
