timestamps:
  login: 1508634800506
ipAddress: 173.49.196.155
logoutlocation:
  world: world
  x: 182.76438967075265
  y: 90.0
  z: 246.41859945356404
  yaw: 18.599995
  pitch: 13.349999
