timestamps:
  login: 1509034319559
  logout: 1509035097934
ipAddress: 216.162.88.89
logoutlocation:
  world: world
  x: 1042.0709862880203
  y: 50.0
  z: 417.30000001192093
  yaw: 144.00958
  pitch: -40.50005
lastlocation:
  world: world
  x: 205.0345726194452
  y: 69.92159999847412
  z: 301.48347225200007
  yaw: -136.2
  pitch: 8.7000065
