timestamps:
  login: 1508846371848
  logout: 1508846374270
ipAddress: 216.162.88.89
logoutlocation:
  world: world
  x: 724.5178223706902
  y: 64.0
  z: 294.6187841938425
  yaw: 65.84988
  pitch: -69.60001
