timestamps:
  login: 1508763308499
  logout: 1508763601533
ipAddress: 216.162.88.89
logoutlocation:
  world: world
  x: 1042.5293745675933
  y: 51.0
  z: 419.38829093834454
  yaw: -348.5997
  pitch: 22.949974
