timestamps:
  login: 1508879423831
  logout: 1508882196663
ipAddress: 96.90.59.227
logoutlocation:
  world: world
  x: -315.1578824662758
  y: 63.0
  z: 527.4412315026215
  yaw: 184.64966
  pitch: 10.80006
