timestamps:
  login: 1508381831233
ipAddress: 100.14.171.98
logoutlocation:
  world: world
  x: 72.37624222273548
  y: 64.0
  z: 72.53426120988424
  yaw: -83.400696
  pitch: 14.999979
