timestamps:
  login: 1509136378795
  logout: 1509136384568
  lastteleport: 1509053999164
ipAddress: 96.245.18.143
logoutlocation:
  world: world
  x: 1436.6708308066738
  y: 93.0
  z: 1388.4659107990863
  yaw: 217.54077
  pitch: 33.748283
lastlocation:
  world: world
  x: 1226.2555805476811
  y: 17.0
  z: 1341.5846771911438
  yaw: -67.86929
  pitch: 51.15955
