timestamps:
  login: 1509303245369
  logout: 1508881784163
ipAddress: 173.59.43.106
logoutlocation:
  world: world
  x: -314.16734882782333
  y: 63.015625
  z: 538.9340392639857
  yaw: 76.94943
  pitch: 8.699974
