timestamps:
  login: 1509139485001
  logout: 1509139573386
ipAddress: 69.242.56.82
logoutlocation:
  world: world
  x: 154.945076630019
  y: 69.0
  z: 240.69999998807907
  yaw: 321.2997
  pitch: -0.6000434
