timestamps:
  login: 1508557837369
  logout: 1508557838752
ipAddress: 77.247.181.162
ban:
  reason: '§4Banned:

    §rThe Ban Hammer has spoken!'
  timeout: 0
logoutlocation:
  world: world
  x: 153.9123363057451
  y: 68.0
  z: 233.99217239245954
  yaw: -11.1
  pitch: 7.500001
