timestamps:
  login: 1508631037906
  logout: 1508632558915
ipAddress: 71.185.28.21
logoutlocation:
  world: world
  x: 180.4244703236743
  y: 70.0
  z: 262.90090239864344
  yaw: 358.79962
  pitch: 30.900072
