timestamps:
  login: 1508630639415
  logout: 1508630693916
ipAddress: 71.185.28.21
logoutlocation:
  world: world
  x: 147.27946274323025
  y: 75.0
  z: 106.13603086138203
  yaw: 179.401
  pitch: 31.79995
