timestamps:
  login: 1508773255322
  logout: 1508773491735
ipAddress: 216.162.88.89
logoutlocation:
  world: world
  x: -189.00563128611827
  y: 63.0
  z: 1114.0130109110232
  yaw: -29.248638
  pitch: 32.1001
lastlocation:
  world: world
  x: 180.3919030386305
  y: 92.24918707874468
  z: 267.699999988079
  yaw: -359.24866
  pitch: 53.250095
