timestamps:
  login: 1509036648734
  logout: 1509038932214
ipAddress: 216.162.88.89
logoutlocation:
  world: world
  x: -194.53456323858236
  y: 63.0
  z: 1110.1882462478409
  yaw: 342.2246
  pitch: 19.199844
