ban:
  reason: Temporarily banned from server for 5 days 18 hours 53 minutes.
  timeout: 0
logoutlocation:
  world: world
  x: 42.56791811224957
  y: 32.0
  z: 1024.790013901217
  yaw: -62.608307
  pitch: 39.599983
timestamps:
  logout: 1509212044457
  login: 1509212031117
ipAddress: 100.14.171.98
