timestamps:
  login: 1509070515268
  logout: 1509070664264
ipAddress: 100.14.166.148
logoutlocation:
  world: world
  x: 60.10660611146236
  y: 63.0
  z: 70.39577713837622
  yaw: 306.3009
  pitch: 17.099977
