timestamps:
  login: 1508566707110
  logout: 1508561019102
ipAddress: 100.14.166.148
logoutlocation:
  world: world
  x: 180.5
  y: 70.0
  z: 256.5
  yaw: 4.0500016
  pitch: 3.3000002
