timestamps:
  login: 1508634096065
  logout: 1508634111415
ipAddress: 76.98.165.89
logoutlocation:
  world: world
  x: 187.33069149341182
  y: 70.0
  z: 250.59758253533658
  yaw: -106.201324
  pitch: 30.516453
