timestamps:
  login: 1509144812593
  logout: 1509144988717
ipAddress: 98.114.172.83
logoutlocation:
  world: world
  x: 189.1821708156875
  y: 63.0
  z: 527.3906491058517
  yaw: -209.10028
  pitch: 9.000004
