logoutlocation:
  world: world_nether
  x: 660.4928858578205
  y: 56.0
  z: 107.71602387196721
  yaw: 266.7886
  pitch: 3.599978
timestamps:
  logout: 1509127542338
  login: 1509127508607
ipAddress: 216.162.88.89
