timestamps:
  login: 1508703186855
  logout: 1508703182106
ipAddress: 100.11.35.238
logoutlocation:
  world: world
  x: -24.553895390403042
  y: 65.0
  z: 997.751395779764
  yaw: -49.811306
  pitch: 57.75
