timestamps:
  login: 1509125942488
  logout: 1509127802338
ipAddress: 216.162.88.89
logoutlocation:
  world: world
  x: 28.16847959074321
  y: 39.0
  z: 990.6182954150072
  yaw: 118.64795
  pitch: 29.699997
