timestamps:
  login: 1508557681902
  logout: 1508557691252
ipAddress: 77.247.181.162
ban:
  reason: '§4Banned:

    §rThe Ban Hammer has spoken!'
  timeout: 0
logoutlocation:
  world: world
  x: 181.57913128073508
  y: 71.1707870772188
  z: 307.2414760005267
  yaw: 7.5000057
  pitch: 9.899981
