timestamps:
  login: 1508634755807
  logout: 1508634761766
ipAddress: 173.49.196.155
logoutlocation:
  world: world
  x: 188.98764525233264
  y: 68.0
  z: 275.15959721709413
  yaw: 34.94999
  pitch: 21.75
