timestamps:
  login: 1508635252324
ipAddress: 173.49.196.155
logoutlocation:
  world: world
  x: 183.93171321961418
  y: 66.0
  z: 230.91861442362008
  yaw: 19.799997
  pitch: 9.599999
