timestamps:
  login: 1508462233645
  logout: 1508462282836
ipAddress: 98.115.216.3
logoutlocation:
  world: world
  x: 425.8488437946587
  y: 20.0
  z: 651.1435492728752
  yaw: 6.010132
  pitch: 20.100138
