timestamps:
  login: 1508561778023
  logout: 1508561774102
ipAddress: 173.49.196.155
logoutlocation:
  world: world
  x: 175.26343850634285
  y: 70.0
  z: 256.0103735556462
  yaw: -93.899994
  pitch: 27.300009
