timestamps:
  login: 1508501236686
  logout: 1508501655336
ipAddress: 216.162.88.89
logoutlocation:
  world: world
  x: 80.14337138140212
  y: 63.0
  z: 573.7617772441935
  yaw: 350.33273
  pitch: 12.816139
