timestamps:
  login: 1508859999391
  logout: 1508860067363
ipAddress: 216.162.88.89
logoutlocation:
  world: world
  x: 71.41655072592349
  y: 73.0
  z: 776.8391030393816
  yaw: 122.80991
  pitch: 36.622105
