timestamps:
  login: 1509043437274
  logout: 1509043549214
ipAddress: 216.162.88.89
logoutlocation:
  world: world
  x: 158.76903245457137
  y: 67.0
  z: 256.69999998807907
  yaw: 353.70007
  pitch: 26.849972
