timestamps:
  login: 1508501099161
  logout: 1508501110336
ipAddress: 216.162.88.89
logoutlocation:
  world: world
  x: 200.78437047144538
  y: 69.0
  z: 241.4789784535496
  yaw: 314.86224
  pitch: 39.180836
