timestamps:
  login: 1508437306271
  logout: 1508437378114
ipAddress: 216.162.88.89
logoutlocation:
  world: world
  x: -108.69987554913385
  y: 32.69999998807907
  z: 24.5
  yaw: -85.16184
  pitch: 4.499997
