timestamps:
  login: 1509151427822
  logout: 1509156295422
ipAddress: 73.233.102.245
logoutlocation:
  world: world
  x: 208.8286329692431
  y: 9.0
  z: 463.6999999880792
  yaw: 205.81177
  pitch: -0.4501943
