timestamps:
  login: 1509121949081
  logout: 1509122724838
ipAddress: 216.162.88.89
logoutlocation:
  world: world
  x: 180.3359938903517
  y: 70.0
  z: 263.07359117654295
  yaw: 23.700003
  pitch: 5.2499995
