timestamps:
  login: 1509021666034
  logout: 1509021921334
ipAddress: 216.162.88.89
logoutlocation:
  world: world_nether
  x: -7.699999988079072
  y: 61.875
  z: 33.18824159250984
  yaw: 90.60025
  pitch: -3.600009
