timestamps:
  login: 1508556651252
  logout: 1508557011253
ipAddress: 100.14.171.98
ban:
  reason: '§4Banned:

    §rThe Ban Hammer has spoken!'
  timeout: 0
logoutlocation:
  world: world
  x: 121.42027293732438
  y: 63.0
  z: 544.710237630311
  yaw: -315.74942
  pitch: 10.94998
