timestamps:
  login: 1508557753053
  logout: 1508557803753
ipAddress: 77.247.181.162
ban:
  reason: '§4Banned:

    §rThe Ban Hammer has spoken!'
  timeout: 0
logoutlocation:
  world: world
  x: 182.7022996963933
  y: 70.00133597911214
  z: 305.1352137519137
  yaw: 38.399933
  pitch: 27.899979
