timestamps:
  login: 1508642537049
  logout: 1508642558861
ipAddress: 173.59.28.191
logoutlocation:
  world: world
  x: 160.94891047587444
  y: 61.39087690781287
  z: 829.7515548621371
  yaw: 57.902405
  pitch: 11.549929
