timestamps:
  login: 1508435431010
  logout: 1508435490161
ipAddress: 216.162.88.89
logoutlocation:
  world: world
  x: 182.1345936027431
  y: 69.5
  z: 270.57886057587376
  yaw: 12.149997
  pitch: 35.250015
