logoutlocation:
  world: world
  x: 27.748785383318022
  y: 45.0
  z: 1033.2616128341479
  yaw: 279.54224
  pitch: 52.045574
timestamps:
  logout: 1509295172107
  login: 1509304619946
  lastteleport: 1509242525731
ipAddress: 100.14.155.96
lastlocation:
  world: world
  x: 32680.91007633829
  y: 63.0
  z: 28842.780167439545
  yaw: -95.99245
  pitch: 17.920204
