timestamps:
  login: 1509040393419
  logout: 1509040471764
ipAddress: 216.162.88.89
logoutlocation:
  world: world
  x: 44.52855716193373
  y: 67.0
  z: 156.69999998807907
  yaw: -285.90063
  pitch: 37.050007
