timestamps:
  login: 1509126601737
  logout: 1509129234362
ipAddress: 216.162.88.89
logoutlocation:
  world: world
  x: 246.30000001192093
  y: 59.0
  z: 495.5928602257681
  yaw: 65.10544
  pitch: 49.35002
