timestamps:
  login: 1508557814005
  logout: 1508557816252
ipAddress: 77.247.181.162
ban:
  reason: '§4Banned:

    §rThe Ban Hammer has spoken!'
  timeout: 0
logoutlocation:
  world: world
  x: 158.02036007172615
  y: 70.0
  z: 240.71862405388742
  yaw: -7.200019
  pitch: 6.300002
