timestamps:
  login: 1508967551415
  logout: 1508967959524
ipAddress: 98.225.228.49
logoutlocation:
  world: world
  x: 178.5371690871853
  y: 60.0
  z: 482.69999998807907
  yaw: 142.94998
  pitch: 27.899992
