timestamps:
  login: 1508705353126
  logout: 1508705553289
ipAddress: 98.225.228.49
logoutlocation:
  world: world
  x: 618.2663156396
  y: 68.0
  z: 514.7811175989552
  yaw: 164.24995
  pitch: 37.350014
