timestamps:
  login: 1508634641232
  logout: 1508634731766
ipAddress: 173.49.196.155
logoutlocation:
  world: world
  x: 157.55636650879427
  y: 71.0
  z: 258.54234468185837
  yaw: -249.14993
  pitch: 20.699984
