timestamps:
  login: 1508658173877
  logout: 1508658225986
ipAddress: 155.133.64.203
logoutlocation:
  world: world
  x: 155.6739702158826
  y: 69.0
  z: 240.69999998807907
  yaw: -339.44794
  pitch: 3.9000416
ban:
  reason: Temporarily banned from server for 5 days.
  timeout: 1509105184889
