timestamps:
  login: 1508638050862
  logout: 1508638061811
ipAddress: 71.230.68.88
logoutlocation:
  world: world
  x: 183.11445209649662
  y: 72.0
  z: 317.36775338651415
  yaw: -167.69989
  pitch: 30.299984
