timestamps:
  login: 1508557729502
  logout: 1508557733752
ipAddress: 77.247.181.162
ban:
  reason: '§4Banned:

    §rThe Ban Hammer has spoken!'
  timeout: 0
logoutlocation:
  world: world
  x: 159.98154018949293
  y: 68.0
  z: 275.80896982364703
  yaw: -86.999954
  pitch: 11.549993
