timestamps:
  login: 1509146404364
  logout: 1509148615095
ipAddress: 71.230.68.88
logoutlocation:
  world: world
  x: -288.8178446449836
  y: 63.015625
  z: 605.535258240746
  yaw: -91.400764
  pitch: 5.5499954
