timestamps:
  login: 1509040810597
  logout: 1509040933414
ipAddress: 216.162.88.89
logoutlocation:
  world: world
  x: 462.69999998807907
  y: 52.0
  z: 492.69999998807907
  yaw: -264.6004
  pitch: 19.350006
