timestamps:
  login: 1508867153600
  logout: 1508867838163
ipAddress: 216.162.88.89
logoutlocation:
  world: world
  x: 177.8364208075723
  y: 70.0
  z: 257.09969932053906
  yaw: 246.00513
  pitch: -3.9000099
