timestamps:
  login: 1509116344023
  logout: 1509118244837
ipAddress: 216.162.88.89
logoutlocation:
  world: world
  x: 501.3542473749813
  y: 83.0
  z: 173.4363570346695
  yaw: 130.19836
  pitch: 21.599974
