timestamps:
  login: 1509024330584
  logout: 1509024925435
ipAddress: 216.162.88.89
logoutlocation:
  world: world
  x: 42.6767324873656
  y: 80.0
  z: 786.7775918936295
  yaw: -125.40997
  pitch: 26.772951
