timestamps:
  login: 1509137682285
  logout: 1509137859567
  lastteleport: 1509137835671
ipAddress: 173.59.45.70
logoutlocation:
  world: world
  x: -70.8482330919128
  y: 70.0
  z: 236.31486455441686
  yaw: 54.75372
  pitch: 34.667305
lastlocation:
  world: world
  x: -86.8805659084493
  y: 63.0
  z: -239.43448711032354
  yaw: 310.95374
  pitch: 22.967302
