timestamps:
  login: 1509038157796
  logout: 1509039109714
ipAddress: 216.162.88.89
logoutlocation:
  world: world_nether
  x: -8.884354242060837
  y: 64.0
  z: 28.716334054585456
  yaw: 210.14966
  pitch: 4.5000024
