timestamps:
  login: 1509029837141
  logout: 1509030703195
ipAddress: 216.162.88.89
lastlocation:
  world: world
  x: 180.98680762428913
  y: 67.15536593344002
  z: 473.8946542843329
  yaw: -22.199997
  pitch: 32.850002
ban:
  reason: '§4Banned:

    §rThe Ban Hammer has spoken!'
  timeout: 0
logoutlocation:
  world: world
  x: 271.5485810777446
  y: 55.0
  z: 440.2598977111622
  yaw: 357.00098
  pitch: 4.9499516
