timestamps:
  login: 1509066214790
  logout: 1509066274263
ipAddress: 96.245.69.101
logoutlocation:
  world: world
  x: 741.3000000119209
  y: 52.0
  z: -85.30000001192093
  yaw: 243.14937
  pitch: -0.29998997
