timestamps:
  login: 1508424796010
  logout: 1508424810160
ipAddress: 216.162.88.89
logoutlocation:
  world: world
  x: 179.5
  y: 91.0
  z: 251.5
  yaw: -26.999996
  pitch: 50.250008
