timestamps:
  login: 1508557742002
  logout: 1508557743752
ipAddress: 77.247.181.162
ban:
  reason: '§4Banned:

    §rThe Ban Hammer has spoken!'
  timeout: 0
logoutlocation:
  world: world
  x: 175.94891704586436
  y: 67.7531999805212
  z: 279.5633872699876
  yaw: 0.0
  pitch: 0.0
