timestamps:
  login: 1508954525174
  logout: 1508954714925
ipAddress: 216.162.88.89
logoutlocation:
  world: world
  x: 181.20826720459414
  y: 72.0
  z: 454.31609136629885
  yaw: 43.799286
  pitch: 20.549997
