timestamps:
  login: 1508708620477
  logout: 1508708626517
ipAddress: 98.225.228.115
logoutlocation:
  world: world
  x: 232.30000001192093
  y: 61.0
  z: 163.0972064987329
  yaw: 297.1468
  pitch: 24.627913
