timestamps:
  login: 1508630947494
  logout: 1508631721415
ipAddress: 173.59.28.191
logoutlocation:
  world: world
  x: 549.6999999880791
  y: 60.0
  z: 1669.699999988079
  yaw: -17.099335
  pitch: 13.649986
