timestamps:
  login: 1508934523421
  logout: 1508934805220
ipAddress: 216.162.88.89
logoutlocation:
  world: world
  x: 167.92500001192093
  y: 79.0
  z: 267.14621744643483
  yaw: 233.4002
  pitch: 15.300008
