timestamps:
  login: 1508557876268
  logout: 1508557913752
ipAddress: 77.247.181.162
ban:
  reason: '§4Banned:

    §rThe Ban Hammer has spoken!'
  timeout: 0
logoutlocation:
  world: world
  x: 180.5
  y: 71.1707870772188
  z: 260.42205567135784
  yaw: 0.0
  pitch: 0.0
