timestamps:
  login: 1509029945021
  logout: 1509033432934
ipAddress: 216.162.88.89
logoutlocation:
  world: world
  x: -154.34961113041226
  y: 51.0
  z: 861.2394162860501
  yaw: 220.95001
  pitch: 46.349937
