timestamps:
  login: 1508557858858
  logout: 1508557863752
ipAddress: 77.247.181.162
ban:
  reason: '§4Banned:

    §rThe Ban Hammer has spoken!'
  timeout: 0
logoutlocation:
  world: world
  x: 182.01920807658558
  y: 70.0
  z: 242.9885382201437
  yaw: -7.950012
  pitch: 6.150003
