timestamps:
  login: 1508887015263
  logout: 1508887127314
ipAddress: 76.124.120.104
logoutlocation:
  world: world
  x: 172.60336847410477
  y: 79.0
  z: 248.31625538724413
  yaw: 91.799194
  pitch: 4.6499944
