timestamps:
  login: 1508945408407
  logout: 1508945452320
ipAddress: 216.162.88.89
logoutlocation:
  world: world
  x: 273.71984791193995
  y: 77.0
  z: 861.8383545098756
  yaw: 43.05182
  pitch: 27.149977
