timestamps:
  login: 1509037627514
  logout: 1509037994715
ipAddress: 216.162.88.89
logoutlocation:
  world: world
  x: 143.4773247181438
  y: 21.0
  z: 376.92500001192093
  yaw: 107.10153
  pitch: 47.099964
