timestamps:
  login: 1508702184368
  logout: 1508702196417
ipAddress: 98.225.228.115
logoutlocation:
  world: world
  x: 138.57456730705965
  y: 68.0
  z: 176.4663535436351
  yaw: 79.0929
  pitch: 37.350025
