timestamps:
  login: 1508810036249
  logout: 1508810315386
ipAddress: 98.225.228.115
logoutlocation:
  world: world
  x: 115.56416747007611
  y: 74.0
  z: 185.777490330506
  yaw: 131.85022
  pitch: 90.0
