timestamps:
  login: 1508619536034
  logout: 1508619691635
ipAddress: 76.124.120.104
logoutlocation:
  world: world
  x: 149.61739122918414
  y: 67.0
  z: 291.4891824314204
  yaw: 21.450026
  pitch: 37.05
