timestamps:
  login: 1508614005978
ipAddress: 76.124.120.104
logoutlocation:
  world: world
  x: 199.56159027952236
  y: 67.0
  z: 256.33632766790265
  yaw: -47.249985
  pitch: 17.550003
