timestamps:
  login: 1509332078261
  lastteleport: 1509332088155
  logout: 1509312167054
ipAddress: 76.124.120.104
lastlocation:
  world: world
  x: -255.06880254597803
  y: 64.0
  z: 330.8779978394132
  yaw: 293.85
  pitch: 14.100041
logoutlocation:
  world: world
  x: 178.86780788570744
  y: 67.0
  z: 279.52070239402326
  yaw: 94.350136
  pitch: 4.3499866
ban:
  reason: '§4Banned:

    §rThe Ban Hammer has spoken!'
  timeout: 0
afk: false
homes:
  home:
    world: world
    x: 182.5
    y: 70
    z: 255.5
    yaw: 5.7000003
    pitch: 80.84999
money: '900.256'
