timestamps:
  login: 1509312340473
  logout: 1509312292053
ipAddress: 76.124.120.104
logoutlocation:
  world: world
  x: 182.1037435796173
  y: 67.0
  z: 276.48699214290923
  yaw: 209.54997
  pitch: -12.299993
