timestamps:
  login: 1508655758661
  logout: 1508655851162
ipAddress: 108.46.31.228
logoutlocation:
  world: world
  x: 180.4380420944385
  y: 67.0
  z: 291.41170018498497
  yaw: -161.24994
  pitch: 81.75009
