timestamps:
  login: 1509207836107
  logout: 1509207934456
ipAddress: 100.14.181.147
logoutlocation:
  world: world
  x: 212.69999998807907
  y: 67.0
  z: 274.69999998807907
  yaw: 155.54997
  pitch: -64.49999
