timestamps:
  login: 1509042352066
  logout: 1509042824215
ipAddress: 216.162.88.89
logoutlocation:
  world: world
  x: 1047.576730259565
  y: 71.0
  z: 401.1758607507017
  yaw: -201.74985
  pitch: 22.199984
