timestamps:
  login: 1508989228483
  logout: 1508994617084
ipAddress: 173.49.44.12
logoutlocation:
  world: world
  x: 104.32362686717089
  y: 63.0
  z: 566.8635235943638
  yaw: -251.28894
  pitch: 16.134188
ban:
  reason: Temporarily banned from server for 10 minutes.
  timeout: 0
