timestamps:
  login: 1509141150797
  lastteleport: 1509141186250
  logout: 1509141488729
ipAddress: 173.59.45.70
lastlocation:
  world: world
  x: 31.471373528965472
  y: 51.0
  z: 1027.561862283345
  yaw: -37.500107
  pitch: 83.85002
logoutlocation:
  world: world
  x: 181.01894081922003
  y: 70.0
  z: 261.7711667884967
  yaw: 114.3
  pitch: -87.3
