timestamps:
  login: 1508867534863
  logout: 1508867566913
ipAddress: 216.162.88.89
logoutlocation:
  world: world
  x: 181.73154714962362
  y: 67.0
  z: 284.9792611606055
  yaw: -110.63046
  pitch: 36.249607
