logoutlocation:
  world: world
  x: 211.64490922125898
  y: 59.0
  z: 403.64888160876353
  yaw: 198.14975
  pitch: 5.249981
timestamps:
  logout: 1508718347632
  login: 1508718342870
ipAddress: 173.75.245.171
