timestamps:
  login: 1509119983762
  logout: 1509120009837
ipAddress: 216.162.88.89
logoutlocation:
  world: world
  x: 45.30000001192092
  y: 67.0
  z: 122.348745418404
  yaw: 39.60002
  pitch: -11.549997
