timestamps:
  login: 1508778578463
  logout: 1508778627485
ipAddress: 216.162.88.89
logoutlocation:
  world: world
  x: 614.1952708212272
  y: 63.0
  z: 498.49531686339606
  yaw: 276.89642
  pitch: 22.199972
