timestamps:
  login: 1509298122237
  logout: 1509145328686
ipAddress: 98.114.172.83
logoutlocation:
  world: world
  x: 120.14522522576002
  y: 70.0
  z: 337.11233625981373
  yaw: -46.500183
  pitch: -5.099999
