timestamps:
  login: 1509052933605
  logout: 1509053066808
ipAddress: 76.124.243.218
logoutlocation:
  world: world
  x: 179.30000001192093
  y: 72.0
  z: 454.54131178176675
  yaw: -283.9489
  pitch: 23.999989
