timestamps:
  login: 1508512759040
  logout: 1508513250336
ipAddress: 216.162.88.89
logoutlocation:
  world: world
  x: 885.7332682834144
  y: 74.0
  z: -108.67902803152577
  yaw: -32.69873
  pitch: 35.850063
