logoutlocation:
  world: world
  x: 211.60645475104454
  y: 53.0
  z: -177.0818212644083
  yaw: -215.19812
  pitch: 56.24996
timestamps:
  logout: 1509127704838
  login: 1509127644909
ipAddress: 216.162.88.89
