logoutlocation:
  world: world
  x: 497.609649519888
  y: 30.0
  z: 114.51599301266393
  yaw: 51.093018
  pitch: 38.249844
timestamps:
  logout: 1509156415422
  login: 1509156333555
ipAddress: 72.78.109.114
