timestamps:
  login: 1508764648082
  logout: 1508764896533
ipAddress: 216.162.88.89
lastlocation:
  world: world
  x: 256.7681766079758
  y: 66.0
  z: 476.0835157650758
  yaw: 148.80017
  pitch: -11.250023
logoutlocation:
  world: world
  x: 263.8864269935208
  y: 77.0
  z: 467.08769006552006
  yaw: 329.7411
  pitch: 21.599924
