timestamps:
  login: 1509117593637
  logout: 1509118237338
ipAddress: 216.162.88.89
logoutlocation:
  world: world
  x: 229.27463107382005
  y: 64.0
  z: 229.1437896723222
  yaw: 226.8
  pitch: 1.5000018
