timestamps:
  login: 1508634949979
  logout: 1508634953549
ipAddress: 173.49.196.155
logoutlocation:
  world: world
  x: 158.5
  y: 70.0
  z: 238.5
  yaw: 9.299999
  pitch: 0.15000424
