timestamps:
  login: 1508431299960
  logout: 1508431315160
ipAddress: 216.162.88.89
logoutlocation:
  world: world
  x: 200.49105862966292
  y: 68.0
  z: 271.27930360132507
  yaw: -132.45
  pitch: -26.399998
