timestamps:
  login: 1508435822111
  logout: 1508436129022
ipAddress: 216.162.88.89
logoutlocation:
  world: world
  x: 127.00958365614346
  y: 30.0
  z: 186.8669786663931
  yaw: 290.69983
  pitch: 23.849972
