timestamps:
  login: 1509050962568
  logout: 1509051064009
ipAddress: 76.124.120.104
logoutlocation:
  world: world
  x: 180.30000001192093
  y: 71.0
  z: 439.30000001192093
  yaw: -33.749664
  pitch: -28.35001
