timestamps:
  login: 1508472096879
  logout: 1508472100336
ipAddress: 73.13.228.141
logoutlocation:
  world: world
  x: 305.05693796870355
  y: 29.0
  z: 71.64724703211971
  yaw: -74.56278
  pitch: 13.500064
