timestamps:
  login: 1509118131987
  logout: 1509118239838
ipAddress: 216.162.88.89
logoutlocation:
  world: world
  x: 159.57526764204985
  y: 69.0
  z: 260.69999998807907
  yaw: 178.65
  pitch: 16.649996
