timestamps:
  login: 1509128067938
  logout: 1509129316862
ipAddress: 216.162.88.89
logoutlocation:
  world: world
  x: 203.27059078200026
  y: 71.0
  z: 311.5096126644195
  yaw: -351.90002
  pitch: -46.05001
