timestamps:
  login: 1508430538560
  logout: 1508432352661
ipAddress: 216.162.88.89
logoutlocation:
  world: world
  x: 264.58720557473794
  y: 77.0
  z: 466.309105343863
  yaw: 315.00635
  pitch: 6.600025
