timestamps:
  login: 1508437856648
  logout: 1508437915614
ipAddress: 216.162.88.89
logoutlocation:
  world: world
  x: 424.40237170589506
  y: 81.0
  z: 146.69505803078548
  yaw: -78.15166
  pitch: 20.781424
