timestamps:
  login: 1508561209499
  logout: 1508561281603
ipAddress: 173.49.196.155
logoutlocation:
  world: world
  x: 176.6574970782516
  y: 69.0
  z: 235.43713303381696
  yaw: 35.4
  pitch: 5.550001
