timestamps:
  login: 1509036025672
  logout: 1509036752735
ipAddress: 216.162.88.89
logoutlocation:
  world: world
  x: 184.11778904173173
  y: 66.0
  z: 124.41325896764945
  yaw: 125.891464
  pitch: 35.161674
lastlocation:
  world: world
  x: 643.3104190843283
  y: 62.0
  z: 285.3127159694302
  yaw: -24.81089
  pitch: 1.481477
