timestamps:
  login: 1508560298853
  logout: 1508560302752
ipAddress: 76.98.165.89
lastlocation:
  world: world
  x: 179.30000001192093
  y: 71.0
  z: 254.18467422545405
  yaw: 187.79999
  pitch: 73.35001
logoutlocation:
  world: world
  x: 43.69999998807906
  y: 89.0
  z: 752.4041391836358
  yaw: -105.59967
  pitch: 31.94997
