timestamps:
  login: 1509208024808
  logout: 1509208039457
ipAddress: 71.224.40.84
logoutlocation:
  world: world
  x: 445.058207634882
  y: 64.0
  z: 437.4687578229322
  yaw: 160.04877
  pitch: 10.500011
