timestamps:
  login: 1508557699254
  logout: 1508557708752
ipAddress: 77.247.181.162
ban:
  reason: '§4Banned:

    §rThe Ban Hammer has spoken!'
  timeout: 0
logoutlocation:
  world: world
  x: 185.04635588257236
  y: 70.11370275062656
  z: 300.22755118520377
  yaw: -211.19965
  pitch: 35.10002
