timestamps:
  login: 1508381784638
  logout: 1508381818784
ipAddress: 173.75.253.144
logoutlocation:
  world: world
  x: 159.14868118031387
  y: 71.0
  z: 266.2435457188315
  yaw: 165.30005
  pitch: 62.700005
