logoutlocation:
  world: world
  x: 272.471284993306
  y: 72.0
  z: 503.30000001192093
  yaw: 264.752
  pitch: -45.599945
timestamps:
  logout: 1509042814215
  login: 1509042795204
ipAddress: 216.162.88.89
lastlocation:
  world: world
  x: 44.752004740963876
  y: 100.0
  z: 760.9527580677316
  yaw: 49.80011
  pitch: 26.099955
