timestamps:
  login: 1509031343384
  logout: 1509031370434
ipAddress: 216.162.88.89
logoutlocation:
  world: world
  x: 182.67176959178568
  y: 67.0
  z: 282.398271199999
  yaw: -12.600011
  pitch: 28.050003
