timestamps:
  login: 1509156681507
  logout: 1509156682852
ipAddress: 173.59.45.70
logoutlocation:
  world: world
  x: 148.86774985684852
  y: 71.0
  z: 254.67493252952954
  yaw: -66.60001
  pitch: 28.499998
