logoutlocation:
  world: world
  x: 718.1396126971815
  y: 99.0
  z: -18.97476110518976
  yaw: -257.8565
  pitch: -46.2
timestamps:
  logout: 1509135229268
  login: 1509130731917
ipAddress: 76.124.49.145
