timestamps:
  login: 1508770207432
  logout: 1508770314282
ipAddress: 184.59.93.199
logoutlocation:
  world: world
  x: -401.1231644991139
  y: 69.0
  z: 668.9602295873788
  yaw: 342.06946
  pitch: 9.389094
