timestamps:
  login: 1508770124934
  logout: 1508770681736
ipAddress: 184.59.93.199
lastlocation:
  world: world
  x: 169.46451875935796
  y: 79.0
  z: 250.51803966441665
  yaw: -83.611336
  pitch: 1.7349515
logoutlocation:
  world: world
  x: -394.92366718984965
  y: 63.0
  z: 572.2618638963837
  yaw: -176.54253
  pitch: 2.0649962
