timestamps:
  login: 1509207576811
  logout: 1509207603357
  lastteleport: 1509118089095
ipAddress: 100.14.181.147
logoutlocation:
  world: world
  x: 1098.300000011921
  y: 68.0
  z: 18.699999988079078
  yaw: -130.04953
  pitch: 54.6
lastlocation:
  world: world
  x: 126.45174858518139
  y: 72.0
  z: 236.43677351050593
  yaw: -221.09981
  pitch: -90.0
