timestamps:
  login: 1509304680557
  logout: 1509295404606
  lastteleport: 1509287679255
ipAddress: 72.94.37.78
logoutlocation:
  world: world
  x: 27.489045633063864
  y: 45.17499998211861
  z: 1043.074999988079
  yaw: 176.43323
  pitch: 32.708782
lastlocation:
  world: world
  x: 350.3726387155489
  y: 5.0
  z: 216.69999998807907
  yaw: 190.20404
  pitch: 35.550358
