timestamps:
  login: 1509124739999
  logout: 1509124819837
ipAddress: 216.162.88.89
logoutlocation:
  world: world
  x: 181.26045404470185
  y: 91.0
  z: 258.59740997200197
  yaw: 37.350067
  pitch: 33.75
