timestamps:
  login: 1508944281551
  logout: 1508944429821
ipAddress: 216.162.88.89
ban:
  reason: Temporarily banned from server for 1 hour 40 minutes.
  timeout: 0
logoutlocation:
  world: world
  x: 183.7755998928902
  y: 70.0
  z: 305.2625573142218
  yaw: -222.90063
  pitch: 31.499989
