timestamps:
  login: 1508954977339
  logout: 1508956004524
ipAddress: 216.162.88.89
logoutlocation:
  world: world
  x: 948.8375325595273
  y: 63.0
  z: 405.69386884826235
  yaw: 91.801506
  pitch: 7.350004
