timestamps:
  login: 1508634330527
ipAddress: 100.14.155.96
logoutlocation:
  world: world_nether
  x: -125.69999998807906
  y: 32.0
  z: 126.48618634614135
  yaw: 62.993256
  pitch: 62.40799
