timestamps:
  login: 1508705535438
  logout: 1508706291518
ipAddress: 100.14.164.140
logoutlocation:
  world: world
  x: 176.03349406507186
  y: 70.0
  z: 267.2899782277
  yaw: -126.45
  pitch: -12.149995
