timestamps:
  login: 1508704871112
  logout: 1508704866606
ipAddress: 100.14.164.140
logoutlocation:
  world: world
  x: 638.3000000119209
  y: 64.0
  z: 428.30548625080246
  yaw: 185.52608
  pitch: 71.69999
