timestamps:
  login: 1509117632038
  logout: 1509117999837
ipAddress: 216.162.88.89
logoutlocation:
  world: world
  x: 241.17910162333823
  y: 61.0
  z: 344.5958874765526
  yaw: -106.20203
  pitch: 20.099937
