timestamps:
  login: 1509128138654
  logout: 1509128617337
ipAddress: 216.162.88.89
logoutlocation:
  world: world
  x: 58.39787252235034
  y: 11.0
  z: 139.30000001192093
  yaw: -171.60144
  pitch: 4.9499965
