afk: false
timestamps:
  lastteleport: 1508613238476
  login: 1509052148002
  logout: 1509053106808
lastlocation:
  world: world_nether
  x: 90.83181744856066
  y: 74.0
  z: 104.82055392769755
  yaw: 264.6
  pitch: 14.700017
logoutlocation:
  world: world
  x: 352.1236379130891
  y: 54.0
  z: 918.0326484453833
  yaw: -16.949646
  pitch: 8.849971
ipAddress: 100.34.112.84
homes:
  home:
    world: world
    x: 355.388569269287
    y: 54.0
    z: 918.3692429805457
    yaw: -124.94928
    pitch: 23.399979
