timestamps:
  login: 1509141196956
  logout: 1509141346229
ipAddress: 173.59.117.161
logoutlocation:
  world: world
  x: 132.80289440357797
  y: 87.0
  z: 684.6999999880791
  yaw: 3.0996704
  pitch: 9.150063
