timestamps:
  login: 1508557824652
  logout: 1508557828752
ipAddress: 77.247.181.162
ban:
  reason: '§4Banned:

    §rThe Ban Hammer has spoken!'
  timeout: 0
logoutlocation:
  world: world
  x: 174.4288790643039
  y: 71.0
  z: 291.78026559399575
  yaw: -27.599997
  pitch: 6.3000016
