timestamps:
  login: 1509116539264
  logout: 1509117872338
ipAddress: 216.162.88.89
logoutlocation:
  world: world
  x: 511.9355387838809
  y: 14.0
  z: 149.02366241782653
  yaw: 253.9505
  pitch: 1.0499845
