timestamps:
  login: 1508635911116
ipAddress: 173.49.196.155
logoutlocation:
  world: world
  x: 171.14155230491704
  y: 70.0
  z: 363.8484004438493
  yaw: 3.9000623
  pitch: 9.750008
